          21
          37
  0.1000000      0.1000000      0.1000000      0.1000000    
   1.500000       1.500000       1.500000    
  2.0000001E-03  2.0000000E-02  3.9999999E-02
   250.0000    
  0.7451324    
  0.0000000E+00  0.0000000E+00  0.0000000E+00  0.0000000E+00  0.0000000E+00  0.0000000E+00  0.0000000E+00  0.0000000E+00  0.0000000E+00  0.0000000E+00  0.0000000E+00  0.0000000E+00  0.0000000E+00  0.0000000E+00  0.0000000E+00  0.0000000E+00  0.0000000E+00  0.0000000E+00  0.0000000E+00  0.0000000E+00  0.0000000E+00  0.0000000E+00  0.0000000E+00  0.0000000E+00  0.0000000E+00  0.0000000E+00  0.0000000E+00  0.0000000E+00  0.0000000E+00  0.0000000E+00  0.0000000E+00  0.0000000E+00  0.0000000E+00  0.0000000E+00  0.0000000E+00  0.0000000E+00  0.0000000E+00
  0.0000000E+00  5.1663470E-02  0.1029274      0.1533973      0.2026850      0.2504112      0.2962086      0.3397247      0.3806243      0.4185931      0.4533392      0.4845958      0.5121240      0.5357140      0.5551870      0.5703973      0.5812328      0.5876160      0.5895048      0.5868924      0.5798073      0.5683128      0.5525061      0.5325175      0.5085083      0.4806699      0.4492215      0.4144083      0.3764991      0.3357840      0.2925724      0.2471904      0.1999783      0.1512883      0.1014820      5.0928108E-02  0.0000000E+00
  0.0000000E+00  0.1029387      0.2050836      0.3056509      0.4038682      0.4989786      0.5902476      0.6769679      0.7584652      0.8341040      0.9032930      0.9654903       1.020209       1.067023       1.105569       1.135553       1.156751       1.169013       1.172264       1.166506       1.151813       1.128333       1.096284       1.055953       1.007687      0.9518948      0.8890349      0.8196148      0.7441843      0.6633291      0.5776663      0.4878388      0.3945110      0.2983644      0.2000934      0.1004020      0.0000000E+00
  0.0000000E+00  0.1527812      0.3043979      0.4536991      0.5995471      0.7408235      0.8764368       1.005330       1.126489       1.238951       1.341816       1.434253       1.515513       1.584934       1.641956       1.686123       1.717095       1.734648       1.738680       1.729213       1.706389       1.670469       1.621823       1.560930       1.488362       1.404775       1.310901       1.207537       1.095527      0.9757633      0.8491659      0.7166809      0.5792721      0.4379145      0.2935912      0.1472897      0.0000000E+00
  0.0000000E+00  0.2001945      0.3988914      0.5946077      0.7858720      0.9712304       1.149254       1.318548       1.477763       1.625606       1.760856       1.882378       1.989138       2.080221       2.154847       2.212383       2.252357       2.274470       2.278600       2.264801       2.233311       2.184533       2.119035       2.037528       1.940853       1.829962       1.705895       1.569766       1.422739       1.266013       1.100807      0.9283493      0.7498676      0.5665835      0.3797096      0.1904497      0.0000000E+00
  0.0000000E+00  0.2442410      0.4866974      0.7255985      0.9591790       1.185684       1.403373       1.610533       1.805488       1.986616       2.152366       2.301283       2.432031       2.543417       2.634419       2.704206       2.752165       2.777917       2.781324       2.762500       2.721800       2.659815       2.577353       2.475411       2.355148       2.217855       2.064924       1.897813       1.718019       1.527053       1.326416       1.117591      0.9020237      0.6811233      0.4562629      0.2287827      0.0000000E+00
  0.0000000E+00  0.2840285      0.5660355      0.8440107       1.115939       1.379802       1.633584       1.875276       2.102893       2.314487       2.508178       2.682182       2.834842       2.964668       3.070376       3.150926       3.205552       3.233794       3.235517       3.210910       3.160491       3.085080       2.985775       2.863907       2.721005       2.558744       2.378896       2.183285       1.973747       1.752096       1.520094       1.279433       1.031726      0.7785040      0.5212218      0.2612715      0.0000000E+00
  0.0000000E+00  0.3186869      0.6351652      0.9472319       1.252668       1.549236       1.834677       2.106718       2.363087       2.601531       2.819847       3.015917       3.187761       3.333581       3.451820       3.541219       3.600859       3.630212       3.629160       3.598010       3.537475       3.448653       3.332977       3.192165       3.028149       2.843018       2.638942       2.418117       2.182710       1.934813       1.676409       1.409354       1.135366      0.8560246      0.5727895      0.2870190      0.0000000E+00
  0.0000000E+00  0.3473349      0.6923199       1.032604       1.365809       1.689518       2.001273       2.298573       2.578891       2.839693       3.078475       3.292804       3.480380       3.639104       3.767147       3.863034       3.925708       3.954592       3.949621       3.911252       3.840442       3.738605       3.607551       3.449409       3.266538       3.061445       2.836697       2.594844       2.338352       2.069552       1.790600       1.503456       1.209874      0.9114159      0.6094699      0.3052822      0.0000000E+00
  0.0000000E+00  0.3690417      0.7356330       1.097317       1.451598       1.795922       2.127674       2.444168       2.742666       3.020394       3.274582       3.502517       3.701609       3.869477       4.004045       4.103641       4.167098       4.193824       4.183851       4.137827       4.056990       3.943101       3.798361       3.625315       3.426739       3.205539       2.964642       2.706909       2.435055       2.151590       1.858780       1.558622       1.252848      0.9429327      0.6301272      0.3155019      0.0000000E+00
  0.0000000E+00  0.3827988      0.7630850       1.138334       1.505970       1.863352       2.207750       2.536348       2.846247       3.134490       3.398100       3.634133       3.839764       4.012380       4.149698       4.249892       4.311724       4.334645       4.318826       4.265146       4.175141       4.050924       3.895075       3.710522       3.500417       3.268002       3.016503       2.749017       2.468433       2.177368       1.878127       1.572680       1.262672      0.9494369      0.6340394      0.3173284      0.0000000E+00
  0.0000000E+00  0.3875131      0.7724888       1.152374       1.524559       1.886357       2.234981       2.567543       2.881051       3.172434       3.438584       3.676408       3.882921       4.055352       4.191279       4.288784       4.346621       4.364339       4.342290       4.281602       4.184103       4.052224       3.888873       3.697292       3.480919       3.243245       2.987692       2.717498       2.435633       2.144736       1.847075       1.544532       1.238611      0.9304635      0.6209391      0.3106408      0.0000000E+00
  0.0000000E+00  0.3820416      0.7615642       1.136030       1.502847       1.859336       2.202719       2.530101       2.838480       3.124762       3.385798       3.618450       3.819673       3.986639       4.116875       4.208453       4.260197       4.271802       4.243825       4.177622       4.075272       3.939454       3.773302       3.580263       3.363938       3.127942       2.875768       2.610678       2.335621       2.053166       1.765471       1.474270       1.180888      0.8862718      0.5910433      0.2955611      0.0000000E+00
  0.0000000E+00  0.3652908      0.7281345       1.086067       1.436571       1.777048       2.104800       2.417013       2.710764       2.983042       3.230771       3.450882       3.640395       3.796536       3.916891       3.999618       4.043684       4.048967       4.016203       3.946934       3.843395       3.708398       3.545173       3.357221       3.148156       2.921560       2.680861       2.429216       2.169441       1.903945       1.634706       1.363266       1.090745      0.8178793      0.5450723      0.2724624      0.0000000E+00
  0.0000000E+00  0.3363893      0.6704735      0.9999349       1.322408       1.635456       1.936549       2.223053       2.492234       2.741272       2.967294       3.167427       3.338882       3.479069       3.585748       3.657258       3.692774       3.692341       3.656831       3.587870       3.487731       3.359204       3.205449       3.029848       2.835853       2.626855       2.406059       2.176390       1.940419       1.700314       1.457813       1.214232      0.9704749      0.7270774      0.4842556      0.2419700      0.0000000E+00
  0.0000000E+00  0.2949337      0.5877923      0.8764930       1.158916       1.432879       1.696124       1.946306       2.180990       2.397675       2.593813       2.766861       2.914351       3.033996       3.123843       3.182509       3.209387       3.204651       3.169219       3.104681       3.013189       2.897341       2.760043       2.604369       2.433435       2.250266       2.057703       1.858309       1.654310       1.447559       1.239511       1.031232      0.8234159      0.6164222      0.4103218      0.2049557      0.0000000E+00
  0.0000000E+00  0.2412698      0.4807956      0.7168312      0.9476032       1.171292       1.386016       1.589830       1.780717       1.956612       2.115417       2.255037       2.373444       2.468768       2.539442       2.584416       2.603276       2.596260       2.564226       2.508585       2.431207       2.334318       2.220385       2.091993       1.951742       1.802142       1.645527       1.483988       1.319323       1.153007      0.9861795      0.8196506      0.6539181      0.4891997      0.3254731      0.1625238      0.0000000E+00
  0.0000000E+00  0.1767402      0.3521717      0.5249872      0.6938619      0.8574398       1.014323       1.163066       1.302179       1.430137       1.545399       1.646426       1.731724       1.799938       1.849960       1.881063       1.892993       1.885980       1.860714       1.818292       1.760145       1.687964       1.603604       1.508999       1.406082       1.296709       1.182593       1.065263      0.9460176      0.8259136      0.7057543      0.5860947      0.4672587      0.3493612      0.2323395      0.1159882      0.0000000E+00
  0.0000000E+00  0.1038054      0.2068285      0.3082888      0.4073973      0.5033476      0.5953096      0.6824254      0.7638138      0.8385767      0.9058065      0.9645993       1.014080       1.053461       1.082105       1.099603       1.105826       1.100929       1.085345       1.059742       1.024988      0.9820989      0.9321847      0.8763988      0.8158881      0.7517493      0.6849911      0.6165076      0.5470559      0.4772454      0.4075345      0.3382335      0.2695150      0.2014283      0.1339172      6.6841394E-02  0.0000000E+00
  0.0000000E+00  2.5951223E-02  5.1706873E-02  7.7071831E-02  0.1018488      0.1258363      0.1488268      0.1706057      0.1909528      0.2096434      0.2264509      0.2411490      0.2535192      0.2633646      0.2705256      0.2749001      0.2764558      0.2752319      0.2713359      0.2649353      0.2562470      0.2455248      0.2330463      0.2190999      0.2039723      0.1879377      0.1712481      0.1541272      0.1367643      0.1193116      0.1018838      8.4558532E-02  6.7378864E-02  5.0357163E-02  3.3479359E-02  1.6710369E-02  0.0000000E+00
  0.0000000E+00  0.0000000E+00  0.0000000E+00  0.0000000E+00  0.0000000E+00  0.0000000E+00  0.0000000E+00  0.0000000E+00  0.0000000E+00  0.0000000E+00  0.0000000E+00  0.0000000E+00  0.0000000E+00  0.0000000E+00  0.0000000E+00  0.0000000E+00  0.0000000E+00  0.0000000E+00  0.0000000E+00  0.0000000E+00  0.0000000E+00  0.0000000E+00  0.0000000E+00  0.0000000E+00  0.0000000E+00  0.0000000E+00  0.0000000E+00  0.0000000E+00  0.0000000E+00  0.0000000E+00  0.0000000E+00  0.0000000E+00  0.0000000E+00  0.0000000E+00  0.0000000E+00  0.0000000E+00  0.0000000E+00
   34.06903       34.06903       34.06903       34.06903       34.06903       34.06903       34.06903       34.06903       34.06903       34.06903       34.06903       34.06903       34.06903       34.06903       34.06903       34.06903       34.06903       34.06903       34.06903       34.06903       34.06903       34.06903       34.06903       34.06903       34.06903       34.06903       34.06903       34.06903       34.06903       34.06903       34.06903       34.06903       34.06903       34.06903       34.06903       34.06903       34.06903    
   35.23830       35.23383       35.22092       35.19977       35.17051       35.13333       35.08849       35.03629       34.97705       34.91117       34.83907       34.76123       34.67816       34.59042       34.49861       34.40337       34.30536       34.20529       34.10387       34.00187       33.90004       33.79920       33.70012       33.60361       33.51043       33.42136       33.33715       33.25852       33.18615       33.12066       33.06263       33.01257       32.97096       32.93816       32.91449       32.90018       32.89536    
   36.39079       36.38255       36.35844       36.31860       36.26330       36.19284       36.10763       36.00813       35.89487       35.76847       35.62960       35.47905       35.31769       35.14649       34.96649       34.77886       34.58485       34.38579       34.18314       33.97840       33.77317       33.56911       33.36787       33.17118       32.98074       32.79821       32.62524       32.46340       32.31417       32.17893       32.05894       31.95537       31.86917       31.80121       31.75217       31.72256       31.71275    
   37.54203       37.53090       37.49716       37.44128       37.36344       37.26397       37.14323       37.00163       36.83970       36.65807       36.45750       36.23891       36.00337       35.75209       35.48645       35.20803       34.91860       34.62015       34.31486       34.00511       33.69339       33.38237       33.07479       32.77343       32.48108       32.20048       31.93428       31.68503       31.45509       31.24668       31.06177       30.90214       30.76931       30.66457       30.58897       30.54334       30.52822    
   38.68483       38.67083       38.62910       38.55963       38.46268       38.33841       38.18696       38.00856       37.80349       37.57214       37.31508       37.03308       36.72718       36.39869       36.04924       35.68073       35.29549       34.89616       34.48580       34.06775       33.64566       33.22340       32.80495       32.39437       31.99574       31.61300       31.24996       30.91020       30.59702       30.31344       30.06212       29.84538       29.66520       29.52325       29.42085       29.35902       29.33850    
   39.80228       39.78601       39.73749       39.65671       39.54371       39.39835       39.22055       39.01011       38.76688       38.49087       38.18217       37.84122       37.46869       37.06573       36.63399       36.17563       35.69354       35.19124       34.67279       34.14280       33.60627       33.06853       32.53506       32.01142       31.50314       31.01550       30.55352       30.12187       29.72474       29.36586       29.04846       28.77529       28.54863       28.37033       28.24185       28.16433       28.13856    
   40.86788       40.84976       40.79557       40.70530       40.57862       40.41531       40.21462       39.97606       39.69889       39.38249       39.02639       38.63037       38.19461       37.71980       37.20730       36.65923       36.07913       35.47165       34.84221       34.19695       33.54255       32.88608       32.23476       31.59586       30.97646       30.38328       29.82257       29.29999       28.82054       28.38852       28.00753       27.68056       27.40995       27.19754       27.04477       26.95268       26.92204    
   41.84165       41.82194       41.76289       41.66435       41.52584       41.34653       41.12571       40.86188       40.55395       40.20056       39.80050       39.35278       38.85683       38.31267       37.72112       37.08402       36.40523       35.69102       34.94865       34.18615       33.41223       32.63595       31.86648       31.11289       30.38389       29.68761       29.03145       28.42195       27.86471       27.36440       26.92476       26.54871       26.23846       25.99559       25.82129       25.71637       25.68146    
   42.66558       42.64441       42.58093       42.47486       42.32548       42.13167       41.89198       41.60498       41.26838       40.88047       40.43914       39.94261       39.38940       38.77869       38.11052       37.38614       36.60932       35.78864       34.93368       34.05480       33.16299       32.26948       31.38548       30.52189       29.68898       28.89616       28.15179       27.46306       26.83595       26.27520       25.78443       25.36622       25.02238       24.75405       24.56194       24.44652       24.40813    
   43.25871       43.23617       43.16843       43.05510       42.89526       42.68748       42.42993       42.12051       41.75689       41.33614       40.85580       40.31317       39.70593       39.03231       38.29137       37.48349       36.61203       35.68859       34.72551       33.73580       32.73285       31.73013       30.74080       29.77744       28.85167       27.97392       27.15323       26.39718       25.71180       25.10164       24.56991       24.11862       23.74893       23.46134       23.25595       23.13278       23.09184    
   43.51304       43.48909       43.41711       43.29660       43.12641       42.90490       42.62996       42.29905       41.90933       41.45771       40.94073       40.35533       39.69837       38.96722       38.15994       37.27566       36.31750       35.30054       34.24018       33.15207       32.05197       30.95532       29.87701       28.83094       27.82973       26.88446       26.00452       25.19751       24.46924       23.82386       23.26387       22.79053       22.40416       22.10450       21.89100       21.76314       21.72066    
   43.29140       43.26605       43.18990       43.06231       42.88207       42.64737       42.35591       42.00488       41.59113       41.11125       40.56161       39.93852       39.23850       38.45831       37.59504       36.64644       35.61634       34.52322       33.38522       32.22031       31.04613       29.87972       28.73715       27.63315       26.58088       25.59162       24.67472       23.83750       23.08525       22.42146       21.84791       21.36502       20.97228       20.66857       20.45262       20.32340       20.28039    
   42.43029       42.40353       42.32346       42.18943       42.00024       41.75398       41.44829       41.08027       40.64667       40.14397       39.56851       38.91655       38.18446       37.36869       36.46583       35.47214       34.39425       33.25261       32.06712       30.85724       29.64181       28.43873       27.26464       26.13459       25.06176       24.05729       23.13015       22.28712       21.53289       20.87015       20.29988       19.82167       19.43412       19.13531       18.92329       18.79650       18.75421    
   40.75024       40.72243       40.63962       40.50127       40.30624       40.05271       39.73832       39.36027       38.91541       38.40036       37.81166       37.14582       36.39938       35.56897       34.65073       33.63986       32.54764       31.39473       30.20144       28.98763       27.77238       26.57367       25.40800       24.29012       23.23278       22.24657       21.33980       20.51858       19.78682       19.14645       18.59765       18.13924       17.76907       17.48451       17.28300       17.16259       17.12236    
   38.07620       38.04815       37.96500       37.82642       37.63142       37.37833       37.06498       36.68880       36.24693       35.73634       35.15398       34.49679       33.76175       32.94569       32.04496       31.05467       29.99121       28.87345       27.72066       26.55187       25.38540       24.23841       23.12657       22.06374       21.06177       20.13035       19.27695       18.50684       17.82317       17.22716       16.71833       16.29489       15.95413       15.69296       15.50840       15.39820       15.36130    
   34.26898       34.24196       34.16222       34.02967       33.84351       33.60231       33.30422       32.94700       32.52820       32.04531       31.49583       30.87722       30.18687       29.42189       28.57778       27.65639       26.67254       25.64282       24.58432       23.51417       22.44893       21.40416       20.39398       19.43084       18.52531       17.68589       16.91907       16.22923       15.61881       15.08845       14.63725       14.26304       13.96288       13.73346       13.57167       13.47514       13.44276    
   29.26383       29.23948       29.16801       29.04950       28.88335       28.66846       28.40328       28.08600       27.71466       27.28733       26.80212       26.25698       25.64946       24.97694       24.23653       23.43532       22.58434       21.69661       20.78637       19.86798       18.95545       18.06198       17.19959       16.37885       15.60870       14.89628       14.24694       13.66423       13.14999       12.70445       12.32651       12.01400       11.76404       11.57347       11.43932       11.35934       11.33248    
   23.10616       23.08632       23.02835       22.93243       22.79815       22.62473       22.41096       22.15536       21.85646       21.51300       21.12364       20.68679       20.19936       19.66083       19.07257       18.43947       17.76928       17.07163       16.35712       15.63686       14.92172       14.22200       13.54714       12.90544       12.30392       11.74820       11.24241       10.78930       10.39018       10.04511       9.753059       9.512128       9.319852       9.173554       9.070733       9.009470       8.988858    
   15.96981       15.95605       15.91601       15.84985       15.75734       15.63795       15.49085       15.31463       15.10831       14.87136       14.60304       14.30242       13.96827       13.60039       13.19992       12.76992       12.31527       11.84216       11.35757       10.86887       10.38343       9.908274       9.449873       9.013954       8.605366       8.227997       7.884734       7.577450       7.307053       7.073553       6.876194       6.713616       6.584059       6.485615       6.416497       6.375330       6.361465    
   8.144308       8.137504       8.117668       8.084897       8.039078       7.979957       7.907117       7.819940       7.717944       7.600803       7.468155       7.319563       7.154533       6.972994       6.775511       6.563522       6.339319       6.105869       5.866567       5.624994       5.384799       5.149480       4.922276       4.706072       4.503318       4.315985       4.145541       3.992947       3.858673       3.742737       3.644767       3.564085       3.499810       3.450987       3.416718       3.396307       3.389450    
  0.0000000E+00  0.0000000E+00  0.0000000E+00  0.0000000E+00  0.0000000E+00  0.0000000E+00  0.0000000E+00  0.0000000E+00  0.0000000E+00  0.0000000E+00  0.0000000E+00  0.0000000E+00  0.0000000E+00  0.0000000E+00  0.0000000E+00  0.0000000E+00  0.0000000E+00  0.0000000E+00  0.0000000E+00  0.0000000E+00  0.0000000E+00  0.0000000E+00  0.0000000E+00  0.0000000E+00  0.0000000E+00  0.0000000E+00  0.0000000E+00  0.0000000E+00  0.0000000E+00  0.0000000E+00  0.0000000E+00  0.0000000E+00  0.0000000E+00  0.0000000E+00  0.0000000E+00  0.0000000E+00  0.0000000E+00
  0.0000000E+00  0.0000000E+00  0.0000000E+00  0.0000000E+00  0.0000000E+00  0.0000000E+00  0.0000000E+00  0.0000000E+00  0.0000000E+00  0.0000000E+00  0.0000000E+00  0.0000000E+00  0.0000000E+00  0.0000000E+00  0.0000000E+00  0.0000000E+00  0.0000000E+00  0.0000000E+00  0.0000000E+00  0.0000000E+00  0.0000000E+00  0.0000000E+00  0.0000000E+00  0.0000000E+00  0.0000000E+00  0.0000000E+00  0.0000000E+00  0.0000000E+00  0.0000000E+00  0.0000000E+00  0.0000000E+00  0.0000000E+00  0.0000000E+00  0.0000000E+00  0.0000000E+00  0.0000000E+00  0.0000000E+00
  0.0000000E+00  0.4813485      0.9591975       1.430169       1.890938       2.338241       2.768888       3.179780       3.567919       3.930426       4.264561       4.567737       4.837543       5.071767       5.268415       5.425743       5.542277       5.616840       5.648575       5.636961       5.581837       5.483412       5.342265       5.159349       4.935996       4.673883       4.375033       4.041783       3.676759       3.282850       2.863172       2.421046       1.959956       1.483528      0.9955003      0.4996972      0.0000000E+00
  0.0000000E+00  0.9450167       1.883922       2.810784       3.719723       4.604864       5.460334       6.280263       7.058836       7.790298       8.468964       9.089261       9.645787       10.13338       10.54722       10.88288       11.13646       11.30472       11.38511       11.37592       11.27634       11.08648       10.80743       10.44124       9.990867       9.460150       8.853701       8.176819       7.435390       6.635769       5.784682       4.889128       3.956304       2.993540       2.008249       1.007899      0.0000000E+00
  0.0000000E+00   1.388035       2.768751       4.134886       5.479122       6.793912       8.071375       9.303249       10.48088       11.59527       12.63716       13.59716       14.46592       15.23411       15.89272       16.43322       16.84788       17.13008       17.27456       17.27767       17.13758       16.85435       16.42995       15.86826       15.17489       14.35702       13.42313       12.38275       11.24618       10.02421       8.727884       7.368310       5.956495       4.503264       3.019214       1.514719      0.0000000E+00
  0.0000000E+00   1.815307       3.623382       5.417137       7.188952       8.930542       10.63266       12.28497       13.87597       15.39302       16.82252       18.15011       19.36101       20.44040       21.37365       22.14619       22.74463       23.15738       23.37534       23.39226       23.20521       22.81467       22.22453       21.44190       20.47678       19.34157       18.05049       16.61906       15.06349       13.40018       11.64524       9.814178       7.921697       5.981568       4.006640       2.008962      0.0000000E+00
  0.0000000E+00   2.235880       4.465930       6.684276       8.884155       11.05737       13.19386       15.28151       17.30582       19.25008       21.09544       22.82129       24.40585       25.82670       27.06166       28.08897       28.88732       29.43849       29.72838       29.74789       29.49343       28.96705       28.17630       27.13370       25.85602       24.36332       22.67787       20.82319       18.82300       16.70040       14.47717       12.17327       9.806624       7.393000       4.946183       2.478241      0.0000000E+00
  0.0000000E+00   2.663033       5.322503       7.974602       10.61400       13.23320       15.82178       18.36588       20.84794       23.24662       25.53693       27.69075       29.67755       31.46534       33.02201       34.31666       35.31868       36.00161       36.34581       36.33968       35.98025       35.27318       34.23221       32.87815       31.23742       29.34048       27.22010       24.90971       22.44193       19.84737       17.15364       14.38483       11.56118       8.699187       5.811904       2.909486      0.0000000E+00
  0.0000000E+00   3.113041       6.225027       9.334351       12.43741       15.52740       18.59359       21.62043       24.58698       27.46676       30.22785       32.83343       35.24261       37.41192       39.29714       40.85542       42.04608       42.83367       43.19350       43.11303       42.59233       41.64362       40.29015       38.56427       36.50513       34.15625       31.56294       28.77007       25.81997       22.75095       19.59612       16.38280       13.13233       9.860344       6.577311       3.289471      0.0000000E+00
  0.0000000E+00   3.602502       7.205856       10.81010       14.41277       18.00745       21.58256       25.12047       28.59650       31.97857       35.22717       38.29583       41.13210       43.67942       45.87945       47.67532       49.01470       49.85433       50.16684       49.94189       49.18624       47.92253       46.18712       44.02718       41.49727       38.65596       35.56242       32.27344       28.84107       25.31072       21.72000       18.09815       14.46605       10.83676       7.216376       3.605330      0.0000000E+00
  0.0000000E+00   4.143710       8.288718       12.43525       16.58066       20.71774       24.83319       28.90639       32.90835       36.80099       40.53675       44.05910       47.30349       50.19931       52.67295       54.65184       56.07053       56.88201       57.06084       56.60369       55.52866       53.87288       51.68921       49.04213       46.00331       42.64704       39.04630       35.26923       31.37645       27.41905       23.43752       19.46136       15.50934       11.59031       7.704463       3.844986      0.0000000E+00
  0.0000000E+00   4.737963       9.475316       14.21027       18.93789       23.64832       28.32497       32.94309       37.46854       41.85668       46.05204       49.98820       53.58897       56.77010       59.44264       61.51772       62.91683       63.59650       63.53986       62.75652       61.28050       59.16691       56.48726       53.32433       49.76663       45.90325       41.81939       37.59254       33.28972       28.96557       24.66149       20.40538       16.21237       12.08590       8.019277       3.997603      0.0000000E+00
  0.0000000E+00   5.366868       10.72825       16.07747       21.40470       26.69505       31.92669       37.06927       42.08246       46.91489       51.50339       55.77299       59.63749       63.00121       65.76174       67.81478       69.07406       69.50854       69.11716       67.92760       65.99316       63.38838       60.20339       56.53781       52.49471       48.17509       43.67317       39.07263       34.44393       29.84276       25.30927       20.86831       16.53031       12.29268       8.141550       4.053918      0.0000000E+00
  0.0000000E+00   5.983431       11.95320       17.89482       23.79089       29.61904       35.35020       40.94693       46.36204       51.53751       56.40374       60.87938       64.87175       68.27795       70.98692       72.88241       73.88393       73.97914       73.18673       71.55425       69.15440       66.07950       62.43544       58.33511       53.89213       49.21532       44.40408       39.54474       34.70831       29.94900       25.30396       20.79373       16.42336       12.18408       8.055223       4.006435      0.0000000E+00
  0.0000000E+00   6.506069       12.98767       19.42028       25.77691       32.02616       38.13054       44.04497       49.71562       55.07895       60.06112       64.57784       68.53449       71.82658       74.34021       75.95210       76.60605       76.30972       75.10144       73.04730       70.23631       66.77470       62.77929       58.37109       53.66910       48.78500       43.81887       38.85595       33.96460       29.19525       24.58047       20.13564       15.86032       11.74012       7.748694       3.849890      0.0000000E+00
  0.0000000E+00   6.820900       13.60562       20.31901       26.92417       33.38060       39.64281       45.65902       51.37035       56.71015       61.60363       65.96771       69.71078       72.73254       74.92262       76.16162       76.43226       75.75747       74.19077       71.81146       68.71909       65.02731       60.85743       56.33211       51.56972       46.67941       41.75732       36.88378       32.12170       27.51585       23.09315       18.86364       14.82201       10.94950       7.215935       3.581750      0.0000000E+00
  0.0000000E+00   6.796844       13.54763       20.20844       26.73449       33.07843       39.18921       45.01121       50.48370       55.54062       60.11034       64.11544       67.47189       70.08801       71.85825       72.70523       72.63100       71.66917       69.88133       67.35216       64.18353       60.48842       56.38488       51.99017       47.41567       42.76263       38.11888       33.55655       29.13077       24.87943       20.82350       16.96821       13.30466       9.811651       6.457677       3.202733      0.0000000E+00
  0.0000000E+00   6.316099       12.58125       18.74748       24.76672       30.58943       36.16368       41.43457       46.34415       50.83166       54.83326       58.28133       61.10234       63.21721       64.54126       65.04510       64.73471       63.64606       61.84013       59.39767       56.41367       52.99171       49.23839       45.25840       41.15002       37.00160       32.88884       28.87295       24.99974       21.29953       17.78770       14.46587       11.32334       8.338935       5.482667       2.717369      0.0000000E+00
  0.0000000E+00   5.315412       10.58255       15.75629       20.79193       25.64417       30.26632       34.60977       38.62475       42.26088       45.46655       48.18757       50.35999       51.93011       52.85464       53.11493       52.71887       51.69843       50.10587       48.00932       45.48807       42.62781       39.51616       36.23851       32.87449       29.49508       26.16056       22.91906       19.80597       16.84396       14.04358       11.40426       8.915674       6.559167       4.309234       2.134755      0.0000000E+00
  0.0000000E+00   3.824667       7.611990       11.32715       14.93591       18.40388       21.69597       24.77485       27.60377       30.14767       32.37094       34.23706       35.70720       36.74766       37.33320       37.45346       37.11524       36.34179       35.17054       33.65012       31.83699       29.79205       27.57741       25.25343       22.87619       20.49546       18.15323       15.88275       13.70815       11.64451       9.698351       7.868392       6.146580       4.519142       2.967609       1.469702      0.0000000E+00
  0.0000000E+00   1.983966       3.947818       5.872712       7.740204       9.531871       11.22904       12.81231       14.26264       15.56176       16.69156       17.63379       18.36995       18.88396       19.16427       19.20651       19.01473       18.60124       17.98557       17.19291       16.25248       15.19568       14.05445       12.85975       11.64026       10.42130       9.224135       8.065514       6.957447       5.907309       4.918101       3.988877       3.115271       2.290057       1.503668      0.7446526      0.0000000E+00
  0.0000000E+00  -20.76121      -41.36594      -61.65812      -81.47990      -100.6700      -119.0625      -136.4858      -152.7635      -167.7162      -181.1621      -192.9207      -202.8169      -210.6932      -216.4220      -219.9215      -221.1660      -220.1867      -217.0697      -211.9489      -204.9980      -196.4200      -186.4370      -175.2796      -163.1773      -150.3495      -136.9977      -123.3010      -109.4107      -95.44859      -81.50648      -67.64635      -53.90273      -40.28547      -26.78332      -13.36821      0.0000000E+00
